\begin{table}
\caption{Zero-order correlations.}
\label{tab:corr}
\begin{tabular}{lrrrrrrrr}
\toprule
Variable & offline_bullying_T1 & cyberbullying_T1 & strong_tie_withdrawal_T2 & neutral_tie_withdrawal_T2 & family_support_T1 & depression_T3 & anxiety_T3 & stress_T3 \\
\midrule
offline_bullying_T1 & 1.000 & 0.494 & 0.340 & 0.358 & -0.306 & 0.214 & 0.233 & 0.275 \\
cyberbullying_T1 & 0.494 & 1.000 & 0.402 & 0.388 & -0.303 & 0.171 & 0.277 & 0.211 \\
strong_tie_withdrawal_T2 & 0.340 & 0.402 & 1.000 & 0.654 & -0.265 & 0.438 & 0.415 & 0.383 \\
neutral_tie_withdrawal_T2 & 0.358 & 0.388 & 0.654 & 1.000 & -0.261 & 0.413 & 0.438 & 0.427 \\
family_support_T1 & -0.306 & -0.303 & -0.265 & -0.261 & 1.000 & -0.174 & -0.198 & -0.157 \\
depression_T3 & 0.214 & 0.171 & 0.438 & 0.413 & -0.174 & 1.000 & 0.752 & 0.642 \\
anxiety_T3 & 0.233 & 0.277 & 0.415 & 0.438 & -0.198 & 0.752 & 1.000 & 0.643 \\
stress_T3 & 0.275 & 0.211 & 0.383 & 0.427 & -0.157 & 0.642 & 0.643 & 1.000 \\
\bottomrule
\end{tabular}
\end{table}
